SplitterH.X=963.829346
SplitterH.Y=480.500000
SplitterH.Height=1137.000000
ViewportType3=0
SplitterH.Width=20.000000
CameraSpeedScalar3=1.000000
SplitterV.X=0.000000
SplitterV.Width=1920.000000
CameraSpeedScalar2=2.598000
SplitterV.Y=562.298584
SplitterV.Height=20.000000
PerspectiveCameraRotX2=0.000000
ShowFlag1=15
CameraSpeedSetting0=1
CameraSpeedScalar0=2.200000
GridSize0=10.000000
PerspectiveCameraRotY2=-7.400002
PerspectiveCameraLocX0=-40.465031
PerspectiveCameraLocY0=66.119171
PerspectiveCameraLocZ0=11.215473
ShowFlag3=2
CameraSpeedSetting2=1
PerspectiveCameraRotX0=0.000000
PerspectiveCameraLocX2=-16.645920
PerspectiveCameraRotY0=-8.599971
PerspectiveCameraRotZ0=287.602966
PerspectiveCameraRotX3=0.000000
CameraSpeedSetting1=1
ShowFlag0=2
bMutiView=0
ViewMode0=1
ViewportType0=0
CameraSpeedScalar1=3.400000
GridSize1=10.000000
PerspectiveCameraRotY3=45.099941
PerspectiveCameraLocX1=13.384838
ScreenHeight=3
PerspectiveCameraLocY1=23.230026
PerspectiveCameraLocZ1=16.339342
CameraSpeedSetting3=1
ShowFlag2=15
PerspectiveCameraRotX1=0.000000
PerspectiveCameraLocX3=27.401844
PerspectiveCameraRotY1=-3.300007
PerspectiveCameraRotZ1=-164.400070
ViewMode1=1
ViewportType1=6
GridSize2=10.000000
PerspectiveCameraLocY2=10.497724
PerspectiveCameraLocZ2=6.919771
PerspectiveCameraRotZ2=-19.500002
ScreenWidth=3
ViewMode2=0
ViewportType2=3
GridSize3=10.000000
PerspectiveCameraLocY3=-14.028056
PerspectiveCameraLocZ3=37.351013
PerspectiveCameraRotZ3=-581.099609
ViewMode3=1
OrthoZoomSize=125.199951
ActiveViewportIndex=3
OrthoPivotX=-20.949989
OrthoPivotY=9.699995
OrthoPivotZ=23.930017
