[Camera]
EditorCameraPosX = 1.728704
EditorCameraPosY = 2.288649
EditorCameraPosZ = 1.594521
EditorCameraRotW = 0.470211
EditorCameraRotX = 0.297762
EditorCameraRotY = 0.172268
EditorCameraRotZ = -0.812750
EditorCameraSensitivity = 10.000000
EditorCameraSpeed = 1.000000

[Screen]
ScreenHeight = 1020.000000
ScreenWidth = 1872.000000

